0.010000
0.020000
0.020000
0.050000
0.050000
0.060000
0.070000
0.080000
0.100000
0.100000
0.100000
0.110000
0.120000
0.140000
0.150000
0.160000
0.170000
0.200000
0.220000
0.220000
0.230000
0.240000
0.240000
0.240000
0.240000
0.240000
0.250000
0.280000
0.280000
0.300000
0.310000
0.320000
0.320000
0.340000
0.340000
0.360000
0.360000
0.360000
0.370000
0.380000
0.390000
0.400000
0.410000
0.440000
0.450000
0.460000
0.470000
0.470000
0.470000
0.480000
0.480000
0.480000
0.490000
0.490000
0.520000
0.530000
0.540000
0.540000
0.540000
0.540000
0.540000
0.550000
0.570000
0.580000
0.590000
0.590000
0.600000
0.600000
0.610000
0.620000
0.620000
0.620000
0.620000
0.630000
0.640000
0.640000
0.640000
0.660000
0.660000
0.680000
0.680000
0.690000
0.750000
0.750000
0.820000
0.820000
0.830000
0.840000
0.840000
0.840000
0.840000
0.850000
0.860000
0.860000
0.870000
0.870000
0.880000
0.910000
0.920000
0.920000
0.930000
0.930000
0.940000
0.970000
0.970000
0.970000
0.980000
0.990000
0.990000
0.990000
1.020000
1.020000
1.030000
1.040000
1.060000
1.070000
1.080000
1.110000
1.110000
1.120000
1.150000
1.150000
1.160000
1.160000
1.210000
1.220000
1.240000
1.240000
1.250000
1.250000
1.250000
1.290000
1.290000
1.300000
1.330000
1.330000
1.360000
1.360000
1.370000
1.370000
1.380000
1.390000
1.420000
1.430000
1.440000
1.440000
1.450000
1.460000
1.470000
1.470000
1.470000
1.480000
1.500000
1.510000
1.510000
1.520000
1.520000
1.520000
1.520000
1.530000
1.540000
1.540000
1.570000
1.570000
1.590000
1.620000
1.630000
1.630000
1.630000
1.670000
1.680000
1.680000
1.680000
1.680000
1.690000
1.710000
1.710000
1.710000
1.710000
1.730000
1.730000
1.740000
1.740000
1.740000
1.770000
1.780000
1.790000
1.810000
1.820000
1.830000
1.830000
1.840000
1.850000
1.860000
1.870000
1.870000
1.880000
1.880000
1.900000
1.910000
1.920000
1.930000
1.950000
1.960000
1.960000
1.990000
1.990000
1.990000
2.020000
2.020000
2.030000
2.030000
2.040000
2.040000
2.050000
2.060000
2.070000
2.080000
2.080000
2.090000
2.090000
2.090000
2.100000
2.120000
2.150000
2.160000
2.170000
2.190000
2.220000
2.240000
2.250000
2.250000
2.290000
2.300000
2.300000
2.320000
2.330000
2.340000
2.370000
2.390000
2.400000
2.400000
2.410000
2.410000
2.410000
2.410000
2.450000
2.470000
2.470000
2.470000
2.470000
2.480000
2.490000
2.500000
2.510000
2.510000
2.510000
2.510000
2.530000
2.530000
2.550000
2.570000
2.580000
2.600000
2.600000
2.600000
2.620000
2.630000
2.640000
2.650000
2.670000
2.690000
2.690000
2.690000
2.690000
2.700000
2.710000
2.710000
2.730000
2.740000
2.740000
2.740000
2.760000
2.770000
2.780000
2.820000
2.830000
2.840000
2.850000
2.850000
2.860000
2.860000
2.860000
2.870000
2.870000
2.890000
2.900000
2.950000
2.950000
2.950000
2.960000
2.960000
2.970000
2.990000
3.010000
3.020000
3.040000
3.050000
3.050000
3.070000
3.080000
3.080000
3.100000
3.100000
3.120000
3.140000
3.140000
3.150000
3.160000
3.170000
3.200000
3.200000
3.210000
3.210000
3.220000
3.260000
3.280000
3.280000
3.290000
3.310000
3.310000
3.320000
3.320000
3.330000
3.330000
3.340000
3.340000
3.350000
3.350000
3.380000
3.400000
3.410000
3.420000
3.420000
3.420000
3.440000
3.450000
3.460000
3.470000
3.470000
3.470000
3.470000
3.480000
3.490000
3.500000
3.510000
3.510000
3.520000
3.540000
3.540000
3.560000
3.570000
3.580000
3.590000
3.600000
3.620000
3.630000
3.650000
3.670000
3.690000
3.690000
3.700000
3.720000
3.720000
3.720000
3.740000
3.760000
3.810000
3.810000
3.810000
3.820000
3.820000
3.820000
3.850000
3.860000
3.860000
3.870000
3.870000
3.870000
3.880000
3.880000
3.890000
3.890000
3.890000
3.930000
3.940000
3.950000
3.970000
3.980000
3.990000
4.020000
4.020000
4.020000
4.030000
4.030000
4.030000
4.040000
4.060000
4.070000
4.080000
4.080000
4.090000
4.120000
4.120000
4.130000
4.130000
4.140000
4.140000
4.140000
4.150000
4.150000
4.160000
4.170000
4.180000
4.180000
4.200000
4.210000
4.230000
4.240000
4.240000
4.270000
4.270000
4.290000
4.300000
4.300000
4.320000
4.320000
4.330000
4.330000
4.330000
4.340000
4.350000
4.370000
4.370000
4.380000
4.380000
4.380000
4.390000
4.430000
4.430000
4.440000
4.450000
4.470000
4.490000
4.490000
4.500000
4.500000
4.520000
4.520000
4.530000
4.540000
4.540000
4.550000
4.550000
4.560000
4.560000
4.560000
4.570000
4.570000
4.620000
4.620000
4.650000
4.660000
4.660000
4.680000
4.680000
4.730000
4.740000
4.750000
4.760000
4.770000
4.790000
4.800000
4.800000
4.810000
4.840000
4.840000
4.850000
4.850000
4.860000
4.860000
4.870000
4.870000
4.930000
4.930000
4.930000
4.930000
4.950000
4.950000
4.950000
4.970000
4.970000
4.990000
4.990000
5.000000
5.000000
5.020000
5.030000
5.030000
5.050000
5.060000
5.070000
5.080000
5.080000
5.110000
5.120000
5.140000
5.150000
5.150000
5.190000
5.190000
5.200000
5.200000
5.210000
5.210000
5.220000
5.230000
5.240000
5.250000
5.270000
5.270000
5.280000
5.280000
5.290000
5.300000
5.310000
5.310000
5.320000
5.340000
5.350000
5.360000
5.380000
5.380000
5.380000
5.400000
5.400000
5.410000
5.420000
5.460000
5.470000
5.470000
5.470000
5.470000
5.490000
5.490000
5.500000
5.520000
5.530000
5.530000
5.540000
5.550000
5.550000
5.560000
5.560000
5.570000
5.610000
5.630000
5.650000
5.660000
5.680000
5.680000
5.690000
5.710000
5.720000
5.720000
5.720000
5.740000
5.740000
5.760000
5.770000
5.770000
5.790000
5.790000
5.790000
5.840000
5.850000
5.850000
5.860000
5.860000
5.870000
5.890000
5.900000
5.900000
5.910000
5.910000
5.930000
5.970000
5.990000
6.000000
6.010000
6.010000
6.030000
6.030000
6.050000
6.060000
6.060000
6.070000
6.080000
6.080000
6.080000
6.090000
6.090000
6.090000
6.120000
6.120000
6.140000
6.150000
6.150000
6.160000
6.170000
6.180000
6.190000
6.190000
6.200000
6.210000
6.210000
6.210000
6.220000
6.230000
6.240000
6.250000
6.280000
6.280000
6.300000
6.350000
6.350000
6.350000
6.360000
6.380000
6.390000
6.400000
6.420000
6.420000
6.430000
6.430000
6.430000
6.430000
6.440000
6.460000
6.480000
6.490000
6.500000
6.500000
6.500000
6.500000
6.540000
6.550000
6.560000
6.560000
6.570000
6.570000
6.570000
6.610000
6.610000
6.620000
6.620000
6.630000
6.630000
6.630000
6.630000
6.640000
6.640000
6.640000
6.650000
6.650000
6.660000
6.660000
6.670000
6.680000
6.700000
6.700000
6.730000
6.730000
6.740000
6.760000
6.760000
6.780000
6.780000
6.810000
6.830000
6.830000
6.830000
6.840000
6.850000
6.880000
6.890000
6.910000
6.920000
6.930000
6.930000
6.940000
6.960000
6.970000
6.970000
6.970000
6.980000
7.000000
7.020000
7.030000
7.030000
7.030000
7.040000
7.050000
7.060000
7.060000
7.060000
7.070000
7.080000
7.100000
7.120000
7.120000
7.130000
7.130000
7.140000
7.140000
7.150000
7.180000
7.190000
7.200000
7.210000
7.210000
7.210000
7.210000
7.220000
7.230000
7.230000
7.240000
7.240000
7.240000
7.240000
7.240000
7.250000
7.260000
7.270000
7.270000
7.280000
7.280000
7.280000
7.290000
7.290000
7.290000
7.300000
7.310000
7.310000
7.320000
7.320000
7.320000
7.320000
7.320000
7.330000
7.330000
7.360000
7.370000
7.390000
7.420000
7.430000
7.440000
7.440000
7.460000
7.470000
7.510000
7.510000
7.510000
7.520000
7.570000
7.580000
7.610000
7.620000
7.630000
7.630000
7.630000
7.640000
7.650000
7.650000
7.650000
7.650000
7.650000
7.670000
7.670000
7.680000
7.680000
7.690000
7.690000
7.700000
7.700000
7.710000
7.730000
7.740000
7.750000
7.750000
7.750000
7.760000
7.770000
7.770000
7.770000
7.780000
7.790000
7.800000
7.800000
7.800000
7.810000
7.810000
7.820000
7.820000
7.830000
7.840000
7.840000
7.840000
7.850000
7.870000
7.880000
7.880000
7.880000
7.900000
7.910000
7.920000
7.930000
7.940000
7.940000
7.940000
7.970000
8.010000
8.020000
8.020000
8.020000
8.030000
8.030000
8.080000
8.090000
8.100000
8.100000
8.110000
8.120000
8.130000
8.140000
8.150000
8.160000
8.160000
8.170000
8.180000
8.200000
8.200000
8.200000
8.210000
8.210000
8.230000
8.240000
8.270000
8.280000
8.290000
8.290000
8.290000
8.300000
8.300000
8.330000
8.340000
8.350000
8.390000
8.390000
8.400000
8.400000
8.400000
8.400000
8.420000
8.430000
8.470000
8.480000
8.500000
8.500000
8.520000
8.530000
8.530000
8.550000
8.560000
8.560000
8.560000
8.570000
8.570000
8.570000
8.580000
8.600000
8.600000
8.630000
8.630000
8.640000
8.660000
8.670000
8.670000
8.680000
8.690000
8.700000
8.700000
8.710000
8.720000
8.730000
8.740000
8.760000
8.780000
8.790000
8.800000
8.810000
8.820000
8.840000
8.850000
8.860000
8.860000
8.870000
8.870000
8.880000
8.910000
8.910000
8.920000
8.940000
8.970000
8.980000
9.000000
9.010000
9.030000
9.050000
9.060000
9.070000
9.080000
9.090000
9.110000
9.120000
9.130000
9.130000
9.140000
9.150000
9.160000
9.180000
9.210000
9.220000
9.220000
9.230000
9.230000
9.230000
9.240000
9.260000
9.260000
9.270000
9.280000
9.290000
9.300000
9.300000
9.330000
9.330000
9.350000
9.350000
9.370000
9.370000
9.390000
9.390000
9.390000
9.400000
9.420000
9.440000
9.450000
9.470000
9.490000
9.510000
9.520000
9.520000
9.530000
9.540000
9.560000
9.580000
9.580000
9.580000
9.590000
9.600000
9.600000
9.610000
9.620000
9.630000
9.640000
9.650000
9.670000
9.680000
9.700000
9.710000
9.720000
9.730000
9.740000
9.760000
9.760000
9.760000
9.770000
9.770000
9.770000
9.770000
9.800000
9.800000
9.810000
9.810000
9.810000
9.820000
9.830000
9.840000
9.850000
9.850000
9.860000
9.870000
9.890000
9.890000
9.900000
9.900000
9.940000
9.940000
9.950000
9.970000
9.970000
9.980000
9.990000
