0.000000
0.010000
0.020000
0.040000
0.050000
0.070000
0.080000
0.090000
0.110000
0.110000
0.110000
0.130000
0.160000
0.170000
0.190000
0.190000
0.200000
0.220000
0.230000
0.230000
0.230000
0.230000
0.250000
0.270000
0.290000
0.310000
0.310000
0.330000
0.330000
0.340000
0.340000
0.350000
0.360000
0.370000
0.380000
0.390000
0.400000
0.420000
0.430000
0.440000
0.440000
0.470000
0.480000
0.490000
0.510000
0.520000
0.520000
0.540000
0.540000
0.540000
0.550000
0.550000
0.560000
0.590000
0.600000
0.610000
0.610000
0.620000
0.630000
0.640000
0.640000
0.650000
0.650000
0.660000
0.660000
0.660000
0.710000
0.710000
0.710000
0.740000
0.740000
0.740000
0.750000
0.750000
0.760000
0.760000
0.780000
0.790000
0.790000
0.820000
0.850000
0.860000
0.880000
0.880000
0.890000
0.890000
0.920000
0.930000
0.940000
0.950000
0.970000
0.980000
1.000000
1.000000
1.010000
1.030000
1.040000
1.050000
1.050000
1.080000
1.080000
1.090000
1.090000
1.120000
1.120000
1.130000
1.130000
1.140000
1.140000
1.160000
1.170000
1.170000
1.180000
1.180000
1.180000
1.190000
1.190000
1.190000
1.190000
1.190000
1.200000
1.200000
1.210000
1.230000
1.230000
1.230000
1.230000
1.240000
1.240000
1.250000
1.260000
1.270000
1.310000
1.310000
1.310000
1.310000
1.330000
1.340000
1.350000
1.360000
1.360000
1.370000
1.390000
1.390000
1.400000
1.410000
1.460000
1.470000
1.480000
1.480000
1.490000
1.510000
1.510000
1.530000
1.540000
1.540000
1.550000
1.560000
1.580000
1.610000
1.630000
1.630000
1.640000
1.650000
1.650000
1.660000
1.690000
1.700000
1.700000
1.720000
1.720000
1.720000
1.730000
1.730000
1.730000
1.740000
1.760000
1.760000
1.770000
1.790000
1.800000
1.800000
1.830000
1.860000
1.870000
1.870000
1.890000
1.890000
1.900000
1.920000
1.930000
1.940000
1.940000
1.950000
1.970000
1.970000
1.980000
1.990000
2.000000
2.000000
2.010000
2.010000
2.010000
2.030000
2.050000
2.060000
2.070000
2.070000
2.090000
2.090000
2.100000
2.110000
2.120000
2.120000
2.150000
2.170000
2.200000
2.210000
2.210000
2.220000
2.220000
2.230000
2.230000
2.240000
2.270000
2.270000
2.280000
2.290000
2.310000
2.310000
2.320000
2.350000
2.350000
2.360000
2.360000
2.390000
2.400000
2.410000
2.440000
2.460000
2.460000
2.480000
2.480000
2.520000
2.520000
2.540000
2.540000
2.550000
2.550000
2.560000
2.560000
2.560000
2.570000
2.580000
2.580000
2.580000
2.600000
2.630000
2.640000
2.640000
2.660000
2.680000
2.690000
2.720000
2.740000
2.750000
2.760000
2.760000
2.760000
2.770000
2.770000
2.780000
2.800000
2.820000
2.830000
2.840000
2.840000
2.850000
2.860000
2.860000
2.860000
2.880000
2.880000
2.890000
2.890000
2.920000
2.980000
3.000000
3.010000
3.010000
3.050000
3.050000
3.060000
3.060000
3.070000
3.080000
3.110000
3.120000
3.140000
3.140000
3.140000
3.150000
3.150000
3.170000
3.180000
3.180000
3.240000
3.240000
3.250000
3.260000
3.270000
3.280000
3.280000
3.290000
3.290000
3.300000
3.340000
3.370000
3.390000
3.390000
3.410000
3.410000
3.430000
3.460000
3.460000
3.470000
3.480000
3.490000
3.490000
3.490000
3.490000
3.490000
3.500000
3.500000
3.520000
3.540000
3.540000
3.560000
3.560000
3.570000
3.580000
3.610000
3.610000
3.620000
3.620000
3.630000
3.630000
3.630000
3.630000
3.660000
3.660000
3.670000
3.670000
3.680000
3.680000
3.700000
3.710000
3.720000
3.730000
3.750000
3.750000
3.780000
3.780000
3.790000
3.810000
3.830000
3.850000
3.850000
3.860000
3.870000
3.890000
3.890000
3.900000
3.910000
3.920000
3.920000
3.930000
3.940000
3.950000
3.950000
3.960000
3.980000
3.980000
3.990000
3.990000
4.010000
4.020000
4.040000
4.040000
4.050000
4.050000
4.060000
4.060000
4.090000
4.090000
4.100000
4.100000
4.100000
4.100000
4.110000
4.120000
4.130000
4.130000
4.130000
4.130000
4.140000
4.140000
4.140000
4.160000
4.180000
4.190000
4.200000
4.200000
4.210000
4.210000
4.220000
4.230000
4.250000
4.260000
4.290000
4.300000
4.300000
4.340000
4.340000
4.340000
4.340000
4.350000
4.360000
4.380000
4.380000
4.390000
4.390000
4.400000
4.400000
4.410000
4.450000
4.460000
4.460000
4.490000
4.500000
4.500000
4.510000
4.520000
4.530000
4.540000
4.550000
4.560000
4.560000
4.570000
4.570000
4.590000
4.590000
4.600000
4.620000
4.620000
4.620000
4.640000
4.650000
4.660000
4.670000
4.670000
4.680000
4.690000
4.690000
4.700000
4.710000
4.710000
4.730000
4.740000
4.750000
4.750000
4.780000
4.790000
4.790000
4.800000
4.820000
4.830000
4.840000
4.840000
4.840000
4.850000
4.850000
4.850000
4.860000
4.860000
4.870000
4.890000
4.900000
4.920000
4.930000
4.940000
4.940000
4.940000
4.950000
4.960000
4.970000
4.980000
4.990000
5.000000
5.000000
5.000000
5.010000
5.030000
5.040000
5.040000
5.040000
5.050000
5.050000
5.080000
5.090000
5.100000
5.100000
5.110000
5.120000
5.130000
5.140000
5.150000
5.160000
5.180000
5.180000
5.190000
5.190000
5.200000
5.220000
5.220000
5.230000
5.240000
5.240000
5.250000
5.250000
5.270000
5.280000
5.290000
5.300000
5.310000
5.330000
5.340000
5.350000
5.350000
5.360000
5.390000
5.390000
5.400000
5.400000
5.400000
5.410000
5.410000
5.410000
5.430000
5.450000
5.470000
5.480000
5.490000
5.520000
5.520000
5.530000
5.570000
5.580000
5.590000
5.600000
5.600000
5.620000
5.620000
5.620000
5.630000
5.650000
5.650000
5.680000
5.700000
5.710000
5.720000
5.730000
5.740000
5.760000
5.780000
5.790000
5.800000
5.800000
5.820000
5.820000
5.830000
5.830000
5.850000
5.850000
5.870000
5.870000
5.890000
5.890000
5.900000
5.930000
5.940000
5.940000
5.960000
5.980000
5.980000
5.980000
5.990000
5.990000
6.000000
6.000000
6.000000
6.010000
6.020000
6.040000
6.040000
6.050000
6.050000
6.070000
6.100000
6.110000
6.120000
6.120000
6.140000
6.140000
6.140000
6.150000
6.160000
6.180000
6.180000
6.190000
6.190000
6.200000
6.210000
6.210000
6.220000
6.220000
6.240000
6.240000
6.250000
6.250000
6.260000
6.260000
6.260000
6.260000
6.280000
6.310000
6.310000
6.310000
6.310000
6.360000
6.370000
6.380000
6.380000
6.380000
6.400000
6.410000
6.440000
6.440000
6.440000
6.440000
6.450000
6.480000
6.490000
6.490000
6.520000
6.530000
6.540000
6.550000
6.560000
6.570000
6.570000
6.570000
6.580000
6.590000
6.610000
6.640000
6.670000
6.670000
6.690000
6.690000
6.710000
6.710000
6.730000
6.750000
6.750000
6.750000
6.770000
6.790000
6.810000
6.830000
6.850000
6.850000
6.860000
6.870000
6.870000
6.900000
6.920000
6.930000
6.930000
6.930000
6.930000
6.940000
6.940000
6.950000
6.960000
6.980000
7.000000
7.020000
7.020000
7.030000
7.040000
7.040000
7.050000
7.050000
7.060000
7.070000
7.080000
7.080000
7.090000
7.090000
7.110000
7.110000
7.110000
7.120000
7.120000
7.130000
7.130000
7.130000
7.140000
7.150000
7.160000
7.170000
7.180000
7.190000
7.190000
7.200000
7.210000
7.210000
7.220000
7.220000
7.250000
7.270000
7.270000
7.300000
7.300000
7.310000
7.320000
7.330000
7.340000
7.360000
7.360000
7.360000
7.370000
7.370000
7.380000
7.380000
7.390000
7.390000
7.400000
7.450000
7.460000
7.470000
7.470000
7.470000
7.480000
7.480000
7.490000
7.520000
7.520000
7.530000
7.530000
7.530000
7.530000
7.540000
7.540000
7.540000
7.540000
7.550000
7.560000
7.560000
7.570000
7.570000
7.590000
7.590000
7.600000
7.600000
7.630000
7.630000
7.650000
7.650000
7.650000
7.660000
7.680000
7.690000
7.690000
7.700000
7.710000
7.710000
7.720000
7.720000
7.730000
7.730000
7.740000
7.760000
7.790000
7.790000
7.790000
7.800000
7.800000
7.810000
7.810000
7.810000
7.810000
7.810000
7.810000
7.840000
7.850000
7.850000
7.860000
7.860000
7.860000
7.870000
7.870000
7.880000
7.880000
7.910000
7.910000
7.920000
7.920000
7.920000
7.920000
7.960000
7.960000
7.970000
7.990000
8.000000
8.010000
8.020000
8.020000
8.040000
8.040000
8.040000
8.060000
8.080000
8.090000
8.090000
8.100000
8.100000
8.150000
8.150000
8.160000
8.160000
8.170000
8.180000
8.190000
8.200000
8.200000
8.210000
8.210000
8.220000
8.230000
8.240000
8.250000
8.250000
8.260000
8.290000
8.300000
8.320000
8.340000
8.340000
8.340000
8.350000
8.370000
8.380000
8.380000
8.390000
8.430000
8.430000
8.440000
8.440000
8.460000
8.460000
8.460000
8.480000
8.500000
8.500000
8.530000
8.530000
8.540000
8.540000
8.560000
8.560000
8.570000
8.570000
8.580000
8.620000
8.620000
8.630000
8.650000
8.650000
8.650000
8.650000
8.660000
8.680000
8.710000
8.710000
8.720000
8.730000
8.730000
8.730000
8.740000
8.740000
8.760000
8.770000
8.780000
8.780000
8.800000
8.800000
8.810000
8.810000
8.